10
0.3770109746429541 0.693940681968713 0.024776737122724324 0.9550261698348855 0.01943909038488767 0.6677494078073525 0.5414945387171809 0.43745832703616905 0.34273549245401547 0.21324050369253023 
0.0 -7.105636270043902E-6 0.8046979270227382 -0.5438677691693373 0.6735425176259329 -0.24421553233358506 -0.4384292747028744 0.3894224260856511 -0.1649878254653595 0.19664887024213726 
0.0 -0.7294828567982498 0.049151953990301575 -0.9172127663844627 0.6525942859476161 -0.9937262330463785 -0.24618739116617427 -0.3286153185629761 0.29916991983861796 -0.14052851158790813 
0.0 0.39782855257801886 0.14438104814878644 -0.0605988199368962 0.9593494515820672 0.15490374969037873 0.498654914979864 0.6269169013829912 -0.08846183954491088 0.4411465219779762 
5.551115123125783E-17 -0.4162828930232426 0.8124389324765671 -1.1669768222089565 0.8721540922307998 -0.10160482923828074 0.04090561979392271 -0.289919653804644 3.4158365977743355E-4 -0.0016716871595660598 
-1.1102230246251565E-16 -1.2578912139991403 0.41561241316723463 -1.9296840070070331 0.04624395339890205 -0.878875163758878 -0.3521170649040174 -0.44617969902914434 -0.3775198311938036 -0.27550321551897106 
0.0 -0.22144578883853716 0.645943453961731 -0.26093212860348847 0.22250209420730668 -0.32333783489837764 -0.29943113572872687 -0.13534213717628835 0.4539793655442053 0.6135096353586089 
-1.1102230246251565E-16 -1.2654567952134763 0.3299486179012885 -1.0355061306183315 0.7341526030830464 -0.4662289146854386 -1.0487210794168083 -0.05606238828287513 -0.3737843406810416 0.18813074255410656 
0.0 -0.09222344278946737 0.5777827244382724 -0.2615729158330272 0.8472283929169946 -0.5142130283407145 -0.17992937023035072 -0.3488538107110485 0.3789280006183362 -0.1807094370993323 
0.0 -1.4330798824365136 0.20570553573976358 -1.4130202101349378 0.36158450142132326 -1.2951829453782908 -0.6786878338590114 -0.3000574473544906 0.22068555130088252 0.4435446324824306 
0.23247137252820305 0.10523781623460526 0.14763251926954402 0.5132511261138574 0.9619202965083302 0.4059359198621437 0.57105426259261 0.9087174812669911 0.4794484793814624 0.023224429707346284 
