25
9.640527602439164E-6 0.1466249490784456 0.9952491959358685 0.16884339020761763 0.23635861730670915 0.3681097714568523 0.9411426225873887 0.7684715624235079 0.3633920500686475 0.4683559900224149 0.39927573747135847 0.5713097148229381 0.1392667506502595 0.8095667740711623 0.4015891168371748 0.2636283717744816 0.2304712234553168 0.13542351517661255 0.7815523697965457 0.6280829852773404 0.425148154446063 0.263499439409279 0.14390359848408463 0.08689318066227458 0.8934381619845774 
0.08840407110321125 0.9323284702287821 0.2537663995149597 0.7512223946384371 0.14349200033021914 0.0706948820496025 0.012418329899907432 0.00493148813809785 0.7043206059486317 0.3653746028627105 0.8905200279982657 0.8076272241140148 0.43364311711916725 0.09934546381427367 0.5301269164621282 0.840352099538061 0.8655750475781497 0.023183590973720358 0.8691229446250689 0.5477813202775899 0.6056734746174169 0.2537178485931272 0.2429381537289932 0.9035007744869895 0.9840200523559557 
0.4280335092817641 0.9917759203152913 0.3577732174026317 0.04000070215163909 0.8286758220982964 0.31581156064010374 0.6294447879958353 0.14032595786354463 0.09531868198814186 0.059301238757636265 0.04368204003794718 0.2359377035720639 0.568826808818149 0.8242663846500821 0.1885196158310326 0.748799736533827 0.275555089147531 0.3153955865839716 0.7657369438782825 0.3461709056669674 0.052891682584949695 0.10003216046168373 0.6453723293771476 0.4078114992060997 0.3414662300349638 
0.03059257001097726 0.29822086292976135 0.8206744452078267 0.7251083709260434 0.42148707019745224 0.9769525874824719 0.8459854275356528 0.38655585352061017 0.6985908325686155 0.2440254619273715 0.19521666133150362 0.2650753745014216 0.6465400293380532 0.7033578057324507 0.12431101953927859 0.8515738350800681 0.5676042141962662 0.08276290028597855 0.30961517428413754 0.23744129685350057 0.6356128735155514 0.13543835716422759 0.5043309237134331 0.2452811559676028 0.47939011259059783 
0.18134123948685088 0.49089671606743623 0.2128471092690034 0.5623789653705396 0.493069526428231 0.6425618047998567 0.27592070376429 0.23861224121685998 0.1459092864456909 0.4865179418579785 0.8015268809003232 0.459914335791061 0.39799597455253355 0.021304315469729995 0.9597996933663151 0.9851943099461148 0.14407745889499823 0.18280364851053732 0.2909735573852297 0.5999176861928162 0.49515541396416773 0.775998490341304 0.5233903009655109 0.29232044275048386 0.07632068139359405 
0.3937584576526877 0.8290758533884229 0.5526555375219485 0.2063874073853249 0.32928077816310686 0.16535446654957875 0.9627389850787986 0.7254696968304585 0.2554081438125435 0.34413271564392633 0.025288606770740185 0.8704336996859735 0.4918989615224457 0.9948993904188523 0.7460257016092441 0.2631970032013865 0.010827357990885633 0.643151325064275 0.8262359425566721 0.7731363613892757 0.9406413363734957 0.7128697612034328 0.449462771132226 0.7424036887669041 0.22100924911669106 
0.3798351168472325 0.5532327738953102 0.82173981763521 0.2334361995790184 0.8519831142176851 0.1651895569083084 0.45441341262285295 0.6867338455560345 0.8336680479163147 0.8527384919587621 0.8672032871679396 0.7717780540129077 0.6426144693946348 0.5862819839375457 0.2798795728240885 0.616591183401109 0.691501165942758 0.3483510691274533 0.9284295784924638 0.3706366464728268 0.820536565680867 0.6344158830868677 0.412312512589727 0.8263154104099895 0.2730479849566938 
0.5858839104438763 0.8223167603155097 0.3460053299065229 0.9430217889804021 0.8717715879972567 0.08313212872755127 0.004586247204654947 0.8916947888503917 0.5927617174475414 0.9535386906691086 0.2802446342330859 0.029712416001956732 0.4198350031563446 0.16715293397168884 0.3304539526415069 0.2920320623075279 0.8993913371480392 0.2679609590847132 0.875377649021444 0.5946649060196127 0.35775233220062186 0.7974074216589093 0.9775440334008701 0.3555133716270189 0.12016400475209388 
0.6235982634692046 0.5544931991649126 0.3859749299565296 0.8228939456032054 0.36821397232437036 0.2901980905788708 0.5156480961410524 0.44174515406719195 0.08301948547800286 0.72141331995654 0.39938917427552734 0.2862841521282653 0.5553957392380257 0.6667068421625042 0.5741338186057939 0.6163081967470816 0.8811068958185618 0.8387810201546477 0.9823101396995966 0.7255529418039232 0.23255661090149393 0.43479172162186497 0.8593351999474947 0.3073681388279279 0.07207541800333483 
0.7347247425857615 0.09460039692925915 0.6680658165942107 0.4123205757678934 0.2544913373695149 0.9185150647860949 0.8858718455023493 0.10965871726161946 0.7982557120400053 0.04259227351067396 0.32688829061196245 0.5914407436666309 0.8336088133413478 0.18522427724988644 0.02420069592024965 0.8643676035451138 0.9735546172590601 0.2527094414719926 0.30224088548058736 0.12868413312881632 0.9908765711204112 0.31325658798874445 0.6857421930945137 0.8317278953161997 0.7133033473851796 
0.9011065065417305 0.5711013293464645 0.5343986951621268 0.3519945217039778 0.11857463701872373 0.3576865910754442 0.5354031808997252 0.3012187586625873 0.4657330164125941 0.7376097926004874 0.8006687646271771 0.21369813047778063 0.32061337526191225 0.6247049182074947 0.37910931861349406 0.20394412470452394 0.5172278771058183 0.7669337272494704 0.15096494037764585 0.36101245015757455 0.5243672160742102 0.43116465979785223 0.4512264775366853 0.36245483633533493 0.3150507960651334 
0.6752483292604579 0.8381950249004669 0.8728485182067106 0.1346670976685398 0.6295391139319733 0.03601543347154057 0.5831344737074438 0.0252565696720628 0.8984890343564562 0.8700620618712385 0.20109822094047014 0.14405373047325065 0.662667019041756 0.8353439145069605 0.4386775708334436 0.6263187965587639 0.3125322528511443 0.7906356329745831 0.05838395377061678 0.9856533816965798 0.47751842970854863 0.1548295095736737 0.33897523248605455 0.819409229290888 0.1274604783296006 
0.8970430111981551 0.8996193511642684 0.8924621954654502 0.018123312646805667 0.5583054186873556 0.6821400353648877 0.5095388019042888 0.1285682216317625 0.5201859221680963 0.03253722950603122 0.4544455870739804 0.8953187275918844 0.7445150292781418 0.2458261723170878 0.673966806638373 0.986764897495075 0.2483896373945056 0.642341202702015 0.31485876186405404 0.08097141521508022 0.6499419325790373 0.2290013981706659 0.6842843691086344 0.611030929048529 0.2228903819627217 
0.26563692745015377 0.1971946365030004 0.7243315599318466 0.031681312317602406 0.6043267732204963 0.39857846429316546 0.7655832049651285 0.8840673409547319 0.4987994454660337 0.7041656229626687 0.4381741846478485 0.034259178122387435 0.6913006809694026 0.5900827939390407 0.4244065195434348 0.7973255675114694 0.9759328701612963 0.5801251431830134 0.6523843699918878 0.4943055472518477 0.11032318321953338 0.528721730510465 0.5858067356444552 0.4375360991720536 0.9015784901830439 
0.37833541668085957 0.8826425986181592 0.9869878011880541 0.5278370028519367 0.781953491822386 0.5196423082051065 0.06093923522344924 0.6733277831804789 0.7244878137700607 0.011866513984422178 0.8681108496941509 0.8527014879621767 0.5513190122517867 0.6698901541236786 0.043417721280854416 0.3794963600531379 0.6178816386508834 0.9320651036159032 0.8157895763692367 0.793955810437 0.11110254801048614 0.6852025285902714 0.31404559266661536 0.20701526599172537 0.4616681193225698 
0.14426190173531905 0.6256007570931656 0.9401272832533162 0.165510325909472 0.30011043917221414 0.7628192812469476 0.04469575542345883 0.7635654313240083 0.1641431989170936 0.263119947746685 0.7702416530815285 0.1907735785723984 0.039530697311693896 0.7514770427680662 0.8170239448211866 0.6984511671780166 0.8310875928758384 0.42774992910237997 0.2566912450239004 0.07858214886840065 0.9692321608973469 0.10631297407487739 0.3336413636306419 0.9742386224365488 0.8682332629279406 
0.13174695778047907 0.9701169890555449 0.6472548053561853 0.9649178726862653 0.22189198272763977 0.6896679339349652 0.6924428408157538 0.2912388477509109 0.04835097158073898 0.846461330036394 0.8370527420821912 0.22257905802010625 0.15457189644335811 0.5020234065614397 0.14484300538503547 0.51339470386011 0.6329261098431701 0.02634731325425721 0.6560423374695534 0.9827773662367923 0.8347388886128068 0.516903553281573 0.7376471853542647 0.2447402828664721 0.27101767479707806 
0.4269409442248714 0.19291350407963426 0.6915117290034203 0.7766625041774906 0.3735674780855952 0.4845658242576182 0.5328442484726507 0.9572318572982821 0.9564524946886636 0.26315983064272463 0.07032564627716265 0.9148767377889232 0.5595922056214777 0.7602000759357453 0.5429034065473356 0.2588444795738537 0.5314333990447128 0.5050267810844534 0.8183117872098404 0.44599296424679336 0.8427506490092205 0.255151515675764 0.9248165998485863 0.5680449964178519 0.30702452492033905 
0.9916342637032174 0.9186695006361133 0.8048515531180063 0.7146696143094117 0.32425910194279084 0.86489025913412 0.8967220149079771 0.7803127377882902 0.6756797085652995 0.772472055405741 0.15391790047794895 0.631423638383005 0.1693698490072837 0.16983118853469426 0.7176965368337174 0.6769512676584721 0.23312801842705222 0.6322994361678602 0.014829374399837447 0.08622122056376835 0.5480496595966026 0.9806834929953597 0.6063091913564915 0.781200730700966 0.12229449399791048 
0.058393149789281784 0.9209994510258782 0.7993395354529935 0.949640040267592 0.9643653821229161 0.686267773851069 0.11954666400456804 0.9247272255134804 0.3699893075990076 0.22018520256997687 0.5604639562899234 0.43006745410239466 0.08046249747402467 0.13366124669006385 0.1580500463479848 0.2842948502667946 0.3144861778706516 0.40592442153630515 0.5085885581638703 0.5468113388981013 0.2709337285903092 0.2430465253713633 0.9235870282663675 0.010886354331492099 0.4271023470750923 
0.6067485350528787 0.8846340571813538 0.08543701646122781 0.670385904044579 0.8095142132008677 0.209133889804903 0.1651287063663066 0.803681930184204 0.11207780967129566 0.541939094083911 0.5190998266514273 0.18457359847598642 0.8306397196891125 0.2732537994194325 0.1905290240863634 0.2593031250201838 0.06370482916843312 0.7497813705839705 0.39242668943368564 0.5347803003172226 0.7822256353015054 0.6939415786803318 0.40944714324705245 0.09534599213777806 0.6917725594367371 
0.07508498649869899 0.07118139133050605 0.11573708433401408 0.9717421777003584 0.28698233843446486 0.4493050885603056 0.947676150114698 0.7241534672866423 0.37746971853941047 0.5491197324781069 0.26473524974686413 0.7233713809527753 0.24898076477615272 0.41543960696168647 0.43860036459507246 0.8481355378611793 0.20279922213579737 0.25344098714032826 0.7895889860989128 0.3985616714792162 0.9352170173395175 0.8770039720754764 0.605250400586267 0.35332185865198107 0.11038365128341387 
0.040241702125565215 0.8531044158811503 0.5059989268998961 0.9324854594695958 0.9823254065606836 0.3270512430137832 0.3346497414766174 0.718993625639607 0.8213782040040348 0.5617112325410519 0.4049002666730691 0.3370726521711631 0.27012426412993096 0.22493027110140518 0.0844357300315044 0.5068413006266451 0.5141441301433386 0.855913126423676 0.35553676753989816 0.3980306898316286 0.9930013402758912 0.7549230668982162 0.5523527847552802 0.6506849854795033 0.25516897448001863 
0.5502134333381296 0.920891717748416 0.9359021680559113 0.019599475848968262 0.46883277879577623 0.0022457765500590865 0.4392136386917591 0.06994435792583731 0.62017202693509 0.9733600144754088 0.19705319688578715 0.6318456958610221 0.6645987427088254 0.2446916779530045 0.04586732071860877 0.43938364924803275 0.08424980763190137 0.8103955046832392 0.05377038466316353 0.7836802041210297 0.899030901783195 0.07421056095388678 0.6962499110387175 0.4548217878833103 0.07809711474473713 
0.13301237301934687 0.710278436777772 0.6376784686268963 0.08556621159202982 0.7900337975016499 0.5152904749077161 0.5028612101963036 0.9689421537940283 0.8910466542891211 0.32483422750351265 0.44597247245015337 0.14970323640787497 0.9293355644450733 0.5893092963324164 0.6714701420463988 0.607735862500195 0.24908432428717087 0.20805384760290402 0.09187780462201034 0.46477126507276356 0.5918341011046141 0.028144984950297824 0.31873979247300643 0.06670929998530106 0.1769621731775608 
0.2449736091720618 0.9860584590607907 0.5708370111678228 0.8604202411041593 0.6660348316410748 0.8050646591196503 0.4916927304290587 0.9389061451340477 0.6471542056252063 0.7733911383661931 0.2147127204462408 0.25824166718172104 0.23462676203422328 0.373907818126607 0.7529357000222222 0.582458557598332 0.7016461036082439 0.38937967902576365 0.9394347096408123 0.025952595640587717 0.7349060199706517 0.3834136515463672 0.8380631768337109 0.8794130080460238 0.22403979242312577 
